
341
805
289
275
158
189
151
148
112
120
125
133
119
104
108
123
128
114
101
109
125
128
114
104
115
129
131
116
109
122
136
136
121
116
130
144
141
126
122
136
147
142
126
123
135
143
132
114
112
124
129
116
99
99
114
119
105
91
95
111
114
99
88
94
108
110
96
86
97
111
111
95
86
97
112
109
94
88
99
113
108
91
87
100
112
105
89
88
102
111
103
87
88
102
110
100
85
88
102
109
95
82
87
102
107
94
81
88
103
105
91
80
90
104
104
88
82
91
106
103
87
81
93
106
102
85
81
95
106
101
83
83
97
107
97
81
83
98
108
97
81
86
103
110
97
83
90
109
115
100
86
93
109
110
94
84
93
108
106
91
82
92
105
102
86
80
94
107
101
80
62
61
59
60
82
148
237
332
348
271
178
125
113
97
84
87
101
108
98
86
90
105
110
96
84
91
107
108
94
85
94
109
109
95
86
97
112
109
92
87
101
114
110
93
91
106
118
111
95
94
111
121
113
98
101
116
126
116
102
108
126
134
122
110
118
136
141
127
116
126
142
144
129
119
128
141
138
120
110
119
129
124
104
96
107
118
111
94
90
102
114
106
89
89
104
113
105
89
89
105
112
101
87
90
107
111
99
86
93
108
112
97
87
94
109
110
94
86
96
110
110
92
85
96
110
108
89
84
97
110
104
87
83
98
110
102
84
84
100
109
99
83
86
101
108
97
84
86
102
108
95
82
87
102
107
92
81
89
106
109
93
83
94
110
110
95
88
99
112
107
88
83
97
110
103
85
83
98
107
98
79
80
95
105
95
79
81
90
82
52
30
49
111
190
252
323
335
276
180
107
81
90
107
106
91
80
93
107
105
87
80
92
105
103
86
81
96
108
102
85
84
99
109
101
85
86
102
113
102
87
90
106
114
102
88
94
111
117
103
92
100
117
119
106
96
107
123
125
110
103
115
132
132
116
112
123
138
135
119
116
129
141
133
114
111
123
130
119
101
98
111
118
104
89
91
104
110
96
82
87
102
107
94
81
89
103
106
91
80
89
104
104
88
81
92
107
104
87
81
94
106
102
86
81
95
106
100
83
81
97
106
97
81
82
98
107
95
79
83
98
104
91
79
84
99
104
89
76
84
100
101
85
75
85
101
100
84
76
86
101
99
83
77
90
103
98
81
78
91
103
96
79
77
92
103
92
77
78
93
102
91
75
79
95
101
88
74
81
96
100
86
74
82
99
100
84
75
85
101
102
85
78
91
105
102
87
85
97
109
103
86
82
97
108
100
82
82
97
107
95
79
80
95
103
94
77
82
97
91
61
33
36
77
144
204
280
356
343
256
143
92
97
113
110
93
85
99
113
108
90
84
98
111
105
88
86
99
112
104
88
89
103
112
104
89
91
108
115
104
90
96
112
118
106
94
100
118
122
107
97
106
122
124
109
101
112
128
129
114
109
122
137
135
120
117
131
144
140
125
124
138
149
142
126
124
138
144
132
114
114
127
133
119
102
104
119
123
109
95
102
116
118
104
93
102
117
117
102
94
104
118
117
101
95
108
120
116
100
96
109
121
115
98
97
111
120
112
97
99
113
119
110
96
98
114
119
107
94
99
114
118
105
93
100
116
117
102
92
100
115
116
100
92
103
117
114
98
93
104
116
113
97
93
107
118
112
96
95
108
118
110
94
95
110
119
107
93
97
112
119
105
93
99
113
118
105
92
99
114
118
102
93
101
116
116
100
92
103
117
114
99
93
105
117
114
96
93
106
117
110
95
94
108
118
109
93
95
110
117
107
92
97
111
117
105
92
97
112
118
105
94
101
115
118
106
99
107
120
119
104
95
105
118
115
98
93
106
117
112
95
92
104
115
109
94
92
103
102
77
46
44
84
153
218
289
357
342
262
157
102
101
118
119
104
93
103
117
118
102
92
101
115
114
99
92
104
115
113
99
93
107
119
114
98
95
108
121
113
98
99
113
124
114
100
104
118
127
116
102
108
123
130
118
107
113
128
133
120
111
120
136
138
124
117
128
143
143
128
122
134
147
144
130
125
136
146
138
120
115
126
135
125
106
105
118
124
115
99
100
115
122
110
97
100
115
119
107
94
100
115
120
105
95
103
117
118
103
95
105
119
118
102
96
107
119
117
101
96
107
121
113
98
96
109
119
112
96
96
110
119
108
95
97
111
117
107
92
97
111
117
104
92
99
113
116
102
91
101
114
116
100
93
101
112
115
99
94
106
117
113
99
94
107
118
111
96
95
107
117
110
94
94
108
118
110
94
97
111
117
106
93
98
112
117
104
93
100
115
116
103
93
101
115
117
102
94
103
116
115
100
94
105
118
114
99
95
108
118
112
97
94
109
118
110
96
97
111
120
109
96
97
111
118
108
95
102
117
121
110
101
108
121
123
109
98
106
119
120
104
94
105
119
116
99
93
104
116
113
96
92
105
107
83
49
38
70
134
204
275
365
380
312
195
120
108
123
128
112
98
105
119
122
107
95
102
116
118
103
94
103
117
116
101
94
105
119
116
101
95
108
121
116
102
98
112
122
117
102
101
115
125
117
103
106
120
130
119
106
110
125
133
122
111
117
133
138
127
117
126
141
142
130
122
132
146
146
131
123
133
145
141
122
115
125
135
129
110
104
116
126
118
102
100
113
122
112
98
98
113
121
110
96
100
114
120
108
96
102
117
120
107
95
103
117
120
104
94
105
119
119
101
94
107
118
115
98
94
106
118
113
96
95
107
118
110
94
94
109
118
108
94
96
110
116
106
91
96
111
115
102
89
96
110
114
101
91
98
113
114
99
90
100
114
112
98
91
102
116
113
97
91
104
116
110
96
94
108
118
109
94
95
108
117
108
94
97
111
117
106
93
97
113
118
104
93
99
114
118
103
93
101
115
116
101
92
102
117
115
99
93
104
116
113
97
93
108
118
113
97
96
111
120
114
101
103
116
124
113
99
100
115
123
110
95
100
116
120
106
94
100
114
117
103
92
101
110
97
67
44
60
109
178
236
319
363
316
214
127
103
109
123
115
96
95
110
122
114
99
98
114
121
111
98
101
115
122
111
97
103
118
123
111
99
106
121
124
109
100
111
125
127
111
103
115
130
126
112
107
120
133
130
116
113
127
139
134
119
120
136
147
140
126
129
144
153
144
131
134
150
157
143
130
134
147
149
132
119
123
135
134
117
105
113
126
124
108
100
110
123
120
103
98
110
122
119
101
97
112
121
115
100
99
114
123
114
99
101
116
123
113
98
103
117
122
110
98
104
117
121
108
95
103
118
119
105
96
104
117
118
102
94
105
118
116
99
93
106
118
113
98
95
107
118
111
97
95
109
117
110
95
97
111
119
107
94
97
111
118
105
93
98
113
117
102
92
100
115
116
101

